# Made in Blockbench 4.7.1
mtllib statuia_green.mtl

o cube
v 1.3125 0.3125 1.3125
v 1.3125 0.3125 -1.3125
v 1.3125 0 1.3125
v 1.3125 0 -1.3125
v -1.3125 0.3125 -1.3125
v -1.3125 0.3125 1.3125
v -1.3125 0 -1.3125
v -1.3125 0 1.3125
vt 0.328125 1
vt 0.65625 1
vt 0.65625 0.9765625
vt 0.328125 0.9765625
vt 0.328125 0.9765625
vt 0.65625 0.9765625
vt 0.65625 0.953125
vt 0.328125 0.953125
vt 0.328125 0.953125
vt 0.65625 0.953125
vt 0.65625 0.9296875
vt 0.328125 0.9296875
vt 0.328125 0.9296875
vt 0.65625 0.9296875
vt 0.65625 0.90625
vt 0.328125 0.90625
vt 0.328125 0.671875
vt 0 0.671875
vt 0 1
vt 0.328125 1
vt 0.328125 0.671875
vt 0 0.671875
vt 0 0.34375
vt 0.328125 0.34375
vn 0 0 -1
vn 1 0 0
vn 0 0 1
vn -1 0 0
vn 0 1 0
vn 0 -1 0
usemtl m_108604fc-3f4c-9313-0573-557084bd2ba1
f 4/4/1 7/3/1 5/2/1 2/1/1
f 3/8/2 4/7/2 2/6/2 1/5/2
f 8/12/3 3/11/3 1/10/3 6/9/3
f 7/16/4 8/15/4 6/14/4 5/13/4
f 6/20/5 1/19/5 2/18/5 5/17/5
f 7/24/6 4/23/6 3/22/6 8/21/6
o cube
v 0.9448130257386358 1.5625 1.0392230734517993
v 0.814576892488438 1.5625 0.3006172586926432
v 0.9448130257386358 0.1875 1.0392230734517993
v 0.814576892488438 0.1875 0.3006172586926432
v 0.07597107772928202 1.5625 0.430853391942841
v 0.2062072109794798 1.5625 1.169459206701997
v 0.07597107772928202 0.1875 0.430853391942841
v 0.2062072109794798 0.1875 1.169459206701997
vt 0 1
vt 0.375 1
vt 0.375 0.3125
vt 0 0.3125
vt 0.375 1
vt 0.75 1
vt 0.75 0.3125
vt 0.375 0.3125
vt 0 0.3125
vt 0.375 0.3125
vt 0.375 -0.375
vt 0 -0.375
vt 0.375 0.3125
vt 0.75 0.3125
vt 0.75 -0.375
vt 0.375 -0.375
vt 1.125 0.625
vt 0.75 0.625
vt 0.75 1
vt 1.125 1
vt 1.125 0.625
vt 0.75 0.625
vt 0.75 0.25
vt 1.125 0.25
vn -0.17364817766693033 0 -0.984807753012208
vn 0.984807753012208 0 -0.17364817766693033
vn 0.17364817766693033 0 0.984807753012208
vn -0.984807753012208 0 0.17364817766693033
vn 0 1 0
vn 0 -1 0
usemtl m_8f0fe2b3-4d28-0b47-b8f8-fcc01324d3e1
f 12/28/7 15/27/7 13/26/7 10/25/7
f 11/32/8 12/31/8 10/30/8 9/29/8
f 16/36/9 11/35/9 9/34/9 14/33/9
f 15/40/10 16/39/10 14/38/10 13/37/10
f 14/44/11 9/43/11 10/42/11 13/41/11
f 15/48/12 12/47/12 11/46/12 16/45/12
o cube
v 0.7449416104639239 2.2357702795914776 -0.09430405025693522
v 0.684805256542552 1.570512154707811 -0.43535426094930785
v 0.9471031173262177 1.6297252247204956 1.0522108282377118
v 0.8869667634048457 0.964467099836829 0.7111606175453393
v -0.053800558216603955 1.570512154707811 -0.30511812769911006
v 0.006335795704767944 2.2357702795914776 0.03593208299326256
v 0.14836094864568972 0.964467099836829 0.8413967507955369
v 0.20849730256706167 1.6297252247204956 1.1824469614879096
vt 0 1
vt 0.375 1
vt 0.375 0.34375
vt 0 0.34375
vt 0.375 1
vt 0.75 1
vt 0.75 0.34375
vt 0.375 0.34375
vt 0 0.34375
vt 0.375 0.34375
vt 0.375 -0.3125
vt 0 -0.3125
vt 0.375 0.34375
vt 0.75 0.34375
vt 0.75 -0.3125
vt 0.375 -0.3125
vt 1.125 0.625
vt 0.75 0.625
vt 0.75 1
vt 1.125 1
vt 1.125 0.625
vt 0.75 0.625
vt 0.75 0.25
vt 1.125 0.25
vn -0.08018180522849588 -0.8870108331782217 -0.45473361425649683
vn 0.9848077530122082 0 -0.17364817766693036
vn 0.08018180522849588 0.8870108331782217 0.45473361425649683
vn -0.9848077530122082 0 0.17364817766693036
vn -0.15402781475222377 0.46174861323503386 -0.8735351455197311
vn 0.15402781475222377 -0.46174861323503386 0.8735351455197311
usemtl m_dea2c909-5496-eb1c-4b45-be7931ee1f73
f 20/52/13 23/51/13 21/50/13 18/49/13
f 19/56/14 20/55/14 18/54/14 17/53/14
f 24/60/15 19/59/15 17/58/15 22/57/15
f 23/64/16 24/63/16 22/62/16 21/61/16
f 22/68/17 17/67/17 18/66/17 21/65/17
f 23/72/18 20/71/18 19/70/18 24/69/18
o cube
v -0.003124604930856034 2.130285329921187 0.1999991249146028
v -0.0031246049308558677 1.843272755647372 -0.4929105244688633
v -0.24786121534345285 0.4128310517272712 0.9113919796982095
v -0.24786121534345262 0.12581847745345653 0.2184823303147434
v -0.7467082509612136 1.9337156137339266 -0.5303731829080992
v -0.7467082509612138 2.220728188007741 0.1625364664753669
v -0.9914448613738104 0.21626133554001137 0.1810196718755075
v -0.9914448613738106 0.5032739098138261 0.8739293212589736
vt 0 1
vt 0.1875 1
vt 0.1875 0.53125
vt 0 0.53125
vt 0.1875 1
vt 0.375 1
vt 0.375 0.53125
vt 0.1875 0.53125
vt 0.375 1
vt 0.5625 1
vt 0.5625 0.53125
vt 0.375 0.53125
vt 0 0.53125
vt 0.1875 0.53125
vt 0.1875 0.0625
vt 0 0.0625
vt 0.375 0.34375
vt 0.1875 0.34375
vt 0.1875 0.53125
vt 0.375 0.53125
vt 0.5625 0.53125
vt 0.375 0.53125
vt 0.375 0.34375
vt 0.5625 0.34375
vn 2.1510571102112408e-16 -0.38268343236508634 -0.9238795325112882
vn 0.9914448613738105 -0.12059047744873973 0.049950211252314566
vn -2.1510571102112408e-16 0.38268343236508634 0.9238795325112882
vn -0.9914448613738105 0.12059047744873973 -0.049950211252314566
vn 0.13052619222005163 0.9159756150367551 -0.37940952255125704
vn -0.13052619222005163 -0.9159756150367551 0.37940952255125704
usemtl m_060150d9-60ba-0f5a-3ad7-2af74006fd13
f 28/76/19 31/75/19 29/74/19 26/73/19
f 27/80/20 28/79/20 26/78/20 25/77/20
f 32/84/21 27/83/21 25/82/21 30/81/21
f 31/88/22 32/87/22 30/86/22 29/85/22
f 30/92/23 25/91/23 26/90/23 29/89/23
f 31/96/24 28/95/24 27/94/24 32/93/24
o cube
v -0.12920701361761777 0.8204759132542243 0.07373820856017199
v -0.34670479940941124 0.6267929956400684 -1.0129110635603844
v -0.26508229004608364 0.09950762694240367 0.2294386882899555
v -0.4825800758378771 -0.09417529067175223 -0.857210583830601
v -1.0699014098367294 0.788138133256175 -0.8969179205127138
v -0.852403624044936 0.9818210508703307 0.1897313516078427
v -1.2057766862651953 0.06716984694435424 -0.7412174407829303
v -0.9882789004734018 0.26085276455851014 0.3454318313376262
vt 0 0.625
vt 0.1875 0.625
vt 0.1875 0.4375
vt 0 0.4375
vt 0 1
vt 0.28125 1
vt 0.28125 0.8125
vt 0 0.8125
vt 0.46875 1
vt 0.65625 1
vt 0.65625 0.8125
vt 0.46875 0.8125
vt 0 0.8125
vt 0.28125 0.8125
vt 0.28125 0.625
vt 0 0.625
vt 0.46875 0.71875
vt 0.28125 0.71875
vt 0.28125 1
vt 0.46875 1
vt 0.46875 0.71875
vt 0.28125 0.71875
vt 0.28125 0.4375
vt 0.46875 0.4375
vn -0.19333136514826085 -0.17216259343480525 -0.9659104641071613
vn 0.9642621472364242 -0.21512685015480867 -0.15465752406356095
vn 0.19333136514826085 0.17216259343480525 0.9659104641071613
vn -0.9642621472364242 0.21512685015480867 0.15465752406356095
vn 0.18116703523795455 0.9612910484157609 -0.20760063963971137
vn -0.18116703523795455 -0.9612910484157609 0.20760063963971137
usemtl m_ca986c5c-368d-7aa0-f6e7-956f68341e73
f 36/100/25 39/99/25 37/98/25 34/97/25
f 35/104/26 36/103/26 34/102/26 33/101/26
f 40/108/27 35/107/27 33/106/27 38/105/27
f 39/112/28 40/111/28 38/110/28 37/109/28
f 38/116/29 33/115/29 34/114/29 37/113/29
f 39/120/30 36/119/30 35/118/30 40/117/30
o cube
v 0.75 2.5895422523822793 0.13010447004969694
v 0.75 2.4407400177998335 -0.5410990348452572
v 0.75 1.7963017465973334 0.30596165637440564
v 0.75 1.6474995120148876 -0.3652418485205486
v -0.75 2.4407400177998335 -0.5410990348452572
v -0.75 2.5895422523822793 0.13010447004969694
v -0.75 1.6474995120148876 -0.3652418485205486
v -0.75 1.7963017465973334 0.30596165637440564
vt 0 1
vt 0.375 1
vt 0.375 0.796875
vt 0 0.796875
vt 0.375 0.65625
vt 0.546875 0.65625
vt 0.546875 0.453125
vt 0.375 0.453125
vt 0 0.796875
vt 0.375 0.796875
vt 0.375 0.59375
vt 0 0.59375
vt 0 0.59375
vt 0.171875 0.59375
vt 0.171875 0.390625
vt 0 0.390625
vt 0.75 0.828125
vt 0.375 0.828125
vt 0.375 1
vt 0.75 1
vt 0.75 0.828125
vt 0.375 0.828125
vt 0.375 0.65625
vt 0.75 0.65625
vn 0 -0.21643961393810288 -0.9762960071199334
vn 1 0 0
vn 0 0.21643961393810288 0.9762960071199334
vn -1 0 0
vn 0 0.9762960071199334 -0.21643961393810288
vn 0 -0.9762960071199334 0.21643961393810288
usemtl m_cdf404c2-a29d-5522-84eb-5b9393a292e3
f 44/124/31 47/123/31 45/122/31 42/121/31
f 43/128/32 44/127/32 42/126/32 41/125/32
f 48/132/33 43/131/33 41/130/33 46/129/33
f 47/136/34 48/135/34 46/134/34 45/133/34
f 46/140/35 41/139/35 42/138/35 45/137/35
f 47/144/36 44/143/36 43/142/36 48/141/36
o cube
v 0.75 3.67489063364925 0.39412571689375353
v 0.75 3.794273755795264 -0.2829296133021395
v 0.75 2.3207799732574634 0.15535947260172434
v 0.75 2.440163095403478 -0.5216958575941687
v -0.75 3.794273755795264 -0.2829296133021395
v -0.75 3.67489063364925 0.39412571689375353
v -0.75 2.440163095403478 -0.5216958575941687
v -0.75 2.3207799732574634 0.15535947260172434
vt 0 1
vt 0.375 1
vt 0.375 0.65625
vt 0 0.65625
vt 0.375 0.65625
vt 0.546875 0.65625
vt 0.546875 0.3125
vt 0.375 0.3125
vt 0 0.65625
vt 0.375 0.65625
vt 0.375 0.3125
vt 0 0.3125
vt 0.546875 0.65625
vt 0.71875 0.65625
vt 0.71875 0.3125
vt 0.546875 0.3125
vt 0.75 0.828125
vt 0.375 0.828125
vt 0.375 1
vt 0.75 1
vt 0.75 0.828125
vt 0.375 0.828125
vt 0.375 0.65625
vt 0.75 0.65625
vn 0 0.17364817766693033 -0.984807753012208
vn 1 0 0
vn 0 -0.17364817766693033 0.984807753012208
vn -1 0 0
vn 0 0.984807753012208 0.17364817766693033
vn 0 -0.984807753012208 -0.17364817766693033
usemtl m_2aaba377-3e5d-26e3-7208-2ef454630c88
f 52/148/37 55/147/37 53/146/37 50/145/37
f 51/152/38 52/151/38 50/150/38 49/149/38
f 56/156/39 51/155/39 49/154/39 54/153/39
f 55/160/40 56/159/40 54/158/40 53/157/40
f 54/164/41 49/163/41 50/162/41 53/161/41
f 55/168/42 52/167/42 51/166/42 56/165/42
o cube
v 1.9764508147815278 2.672881955737066 0.353730797987164
v 1.9764508720544796 2.5534982406179663 -0.3233244276513051
v 0.6223402233172237 2.908021133340461 0.31226908986759105
v 0.6223402805901754 2.788637418221361 -0.36478613577087793
v 2.106687218526579 3.28088282594129 -0.45158260123730126
v 2.1066871612536273 3.40026654106039 0.22547262440116778
v 0.7525766270622751 3.516022003544685 -0.493044309356874
v 0.7525765697893232 3.635405718663785 0.18401091628159505
vt 0 1
vt 0.1875 1
vt 0.1875 0.65625
vt 0 0.65625
vt 0 0.65625
vt 0.171875 0.65625
vt 0.171875 0.3125
vt 0 0.3125
vt 0.1875 1
vt 0.375 1
vt 0.375 0.65625
vt 0.1875 0.65625
vt 0.171875 0.65625
vt 0.34375 0.65625
vt 0.34375 0.3125
vt 0.171875 0.3125
vt 0.53125 0.484375
vt 0.34375 0.484375
vt 0.34375 0.65625
vt 0.53125 0.65625
vt 0.5625 1
vt 0.375 1
vt 0.375 0.828125
vt 0.5625 0.828125
vn 8.330611162010722e-8 -0.17364904017323654 -0.9848076009286822
vn -0.17364846196279943 -0.969846113764432 0.17101089811466147
vn -8.330611162010722e-8 0.17364904017323654 0.9848076009286822
vn 0.17364846196279943 0.969846113764432 -0.17101089811466147
vn 0.9848077028831302 -0.171010310984287 0.030153969541507557
vn -0.9848077028831302 0.171010310984287 -0.030153969541507557
usemtl m_3524fdfa-0b5b-4bb0-c1ea-7cb1ae010f37
f 60/172/43 63/171/43 61/170/43 58/169/43
f 59/176/44 60/175/44 58/174/44 57/173/44
f 64/180/45 59/179/45 57/178/45 62/177/45
f 63/184/46 64/183/46 62/182/46 61/181/46
f 62/188/47 57/187/47 58/186/47 61/185/47
f 63/192/48 60/191/48 59/190/48 64/189/48
o cube
v 1.970765839278561 2.691401653650841 0.47739699984204587
v 1.9707661958509242 2.5611656131068843 -0.2612088312636297
v 1.3055075777169478 3.0324515584018488 0.4172604228414505
v 1.305507934289311 2.902215517857892 -0.3213454082642251
v 2.807684922828598 4.144448493783166 -0.5403837122817544
v 2.807684566256235 4.274684534327123 0.19822211882392116
v 2.1424266612669847 4.485498398534173 -0.6005202892823498
v 2.1424263046946215 4.61573443907813 0.13808554182332577
vt 0 1
vt 0.453125 1
vt 0.453125 0.8125
vt 0 0.8125
vt 0.453125 0.8125
vt 0.640625 0.8125
vt 0.640625 0.625
vt 0.453125 0.625
vt 0 0.8125
vt 0.453125 0.8125
vt 0.453125 0.625
vt 0 0.625
vt 0.453125 0.625
vt 0.640625 0.625
vt 0.640625 0.4375
vt 0.453125 0.4375
vt 0.453125 0.4375
vt 0 0.4375
vt 0 0.625
vt 0.453125 0.625
vt 0.90625 1
vt 0.453125 1
vt 0.453125 0.8125
vt 0.90625 0.8125
vn 4.754298177228611e-7 -0.17364805405860861 -0.9848077748075674
vn -0.46174826316009576 -0.8735353824420866 0.15402752056172397
vn -4.754298177228611e-7 0.17364805405860861 0.9848077748075674
vn 0.46174826316009576 0.8735353824420866 -0.15402752056172397
vn 0.8870110154154844 -0.45473320633467695 0.08018210266746058
vn -0.8870110154154844 0.45473320633467695 -0.08018210266746058
usemtl m_1c48dc12-77bf-fded-f990-9fade1f1973c
f 68/196/49 71/195/49 69/194/49 66/193/49
f 67/200/50 68/199/50 66/198/50 65/197/50
f 72/204/51 67/203/51 65/202/51 70/201/51
f 71/208/52 72/207/52 70/206/52 69/205/52
f 70/212/53 65/211/53 66/210/53 69/209/53
f 71/216/54 68/215/54 67/214/54 72/213/54
o cube
v -0.6086694052866891 3.1217840220708197 0.2745766279407067
v -0.6086693480137373 3.0024003069517198 -0.40247859769776234
v -1.9627799967509931 3.3569231996742146 0.23311491982113397
v -1.9627799394780414 3.2375394845551146 -0.44394030581733507
v -0.47843300154163776 3.7297848922750436 -0.5307367712837585
v -0.47843305881458953 3.8491686073941436 0.14631845435471058
v -1.8325435930059417 3.964924069878439 -0.5721984794033314
v -1.8325436502788934 4.084307784997538 0.10485674623513774
vt 0 1
vt 0.1875 1
vt 0.1875 0.65625
vt 0 0.65625
vt 0 0.65625
vt 0.171875 0.65625
vt 0.171875 0.3125
vt 0 0.3125
vt 0.1875 1
vt 0.375 1
vt 0.375 0.65625
vt 0.1875 0.65625
vt 0.171875 0.65625
vt 0.34375 0.65625
vt 0.34375 0.3125
vt 0.171875 0.3125
vt 0.53125 0.484375
vt 0.34375 0.484375
vt 0.34375 0.65625
vt 0.53125 0.65625
vt 0.5625 1
vt 0.375 1
vt 0.375 0.828125
vt 0.5625 0.828125
vn 8.330611162010722e-8 -0.17364904017323654 -0.9848076009286822
vn -0.17364846196279943 -0.969846113764432 0.17101089811466147
vn -8.330611162010722e-8 0.17364904017323654 0.9848076009286822
vn 0.17364846196279943 0.969846113764432 -0.17101089811466147
vn 0.9848077028831302 -0.171010310984287 0.030153969541507557
vn -0.9848077028831302 0.171010310984287 -0.030153969541507557
usemtl m_74b42fd8-12ef-03c7-5cf9-7b4c6c4b13ea
f 76/220/55 79/219/55 77/218/55 74/217/55
f 75/224/56 76/223/56 74/222/56 73/221/56
f 80/228/57 75/227/57 73/226/57 78/225/57
f 79/232/58 80/231/58 78/230/58 77/229/58
f 78/236/59 73/235/59 74/234/59 77/233/59
f 79/240/60 76/239/60 75/238/60 80/237/60
o cube
v -1.2957913158929726 3.438505903705051 0.28219366726040584
v -1.2957907300492875 3.3082692852355615 -0.4564120619411009
v -2.0429373772912203 3.374132497262223 0.29354388664299447
v -2.042936791447535 3.2438958787927334 -0.4450618425585123
v -1.4537594688211533 5.086440873084376 -0.7699530189755125
v -1.4537600546648384 5.216677491553865 -0.03134728977400569
v -2.200905530219401 5.0220674666415475 -0.7586027995929239
v -2.200906116063086 5.152304085111036 -0.01999707039141707
vt 0 1
vt 0.453125 1
vt 0.453125 0.8125
vt 0 0.8125
vt 0.453125 0.8125
vt 0.640625 0.8125
vt 0.640625 0.625
vt 0.453125 0.625
vt 0 0.8125
vt 0.453125 0.8125
vt 0.453125 0.625
vt 0 0.625
vt 0.453125 0.625
vt 0.640625 0.625
vt 0.640625 0.4375
vt 0.453125 0.4375
vt 0.453125 0.4375
vt 0 0.4375
vt 0 0.625
vt 0.453125 0.625
vt 0.90625 1
vt 0.453125 1
vt 0.453125 0.8125
vt 0.90625 0.8125
vn 7.811249136367711e-7 -0.17364882462598558 -0.9848076389353423
vn 0.08715516621896037 -0.9810601863993454 0.17298811422588228
vn -7.811249136367711e-7 0.17364882462598558 0.9848076389353423
vn -0.08715516621896037 0.9810601863993454 -0.17298811422588228
vn 0.9961947485309965 0.08583120859043755 -0.015133625843451477
vn -0.9961947485309965 -0.08583120859043755 0.015133625843451477
usemtl m_7ddc0da6-8f8f-5c89-0cf7-cbb3664dfabf
f 84/244/61 87/243/61 85/242/61 82/241/61
f 83/248/62 84/247/62 82/246/62 81/245/62
f 88/252/63 83/251/63 81/250/63 86/249/63
f 87/256/64 88/255/64 86/254/64 85/253/64
f 86/260/65 81/259/65 82/258/65 85/257/65
f 87/264/66 84/263/66 83/262/66 88/261/66
o cube
v -1.1486547740056838 6.8028118054341284 0.6875
v -1.1486547740056838 6.8028118054341284 -1.3125
v -1.4959511293395444 4.833196299409712 0.6875
v -1.4959511293395444 4.833196299409712 -1.3125
v -1.764159619638314 6.91134191647596 -1.3125
v -1.764159619638314 6.91134191647596 0.6875
v -2.1114559749721744 4.941726410451544 -1.3125
v -2.1114559749721744 4.941726410451544 0.6875
vt 0.5 1
vt 0.65625 1
vt 0.65625 0.5
vt 0.5 0.5
vt 0 1
vt 0.5 1
vt 0.5 0.5
vt 0 0.5
vt 0.5 0.5
vt 0.65625 0.5
vt 0.65625 0
vt 0.5 0
vt 0 0.5
vt 0.5 0.5
vt 0.5 0
vt 0 0
vt 0.8125 0.5
vt 0.65625 0.5
vt 0.65625 1
vt 0.8125 1
vt 0.8125 0.5
vt 0.65625 0.5
vt 0.65625 0
vt 0.8125 0
vn 0 0 -1
vn 0.984807753012208 -0.17364817766693033 0
vn 0 0 1
vn -0.984807753012208 0.17364817766693033 0
vn 0.17364817766693033 0.984807753012208 0
vn -0.17364817766693033 -0.984807753012208 0
usemtl m_55e0203c-0675-be61-1171-37f2354d5a5c
f 92/268/67 95/267/67 93/266/67 90/265/67
f 91/272/68 92/271/68 90/270/68 89/269/68
f 96/276/69 91/275/69 89/274/69 94/273/69
f 95/280/70 96/279/70 94/278/70 93/277/70
f 94/284/71 89/283/71 90/282/71 93/281/71
f 95/288/72 92/287/72 91/286/72 96/285/72
o cube
v -0.011754600616236344 6.41195314076486 0.5625
v -0.011754600616236344 6.41195314076486 -1.125
v -0.29393288932499806 4.8116405421200215 0.5625
v -0.29393288932499806 4.8116405421200215 -1.125
v -1.2427642918814965 6.629013362848522 -1.125
v -1.2427642918814965 6.629013362848522 0.5625
v -1.5249425805902583 5.028700764203684 -1.125
v -1.5249425805902583 5.028700764203684 0.5625
vt 0.3671875 1
vt 0.5234375 1
vt 0.5234375 0.796875
vt 0.3671875 0.796875
vt 0 1
vt 0.2109375 1
vt 0.2109375 0.796875
vt 0 0.796875
vt 0.3671875 0.796875
vt 0.5234375 0.796875
vt 0.5234375 0.59375
vt 0.3671875 0.59375
vt 0 0.796875
vt 0.2109375 0.796875
vt 0.2109375 0.59375
vt 0 0.59375
vt 0.3671875 0.7890625
vt 0.2109375 0.7890625
vt 0.2109375 1
vt 0.3671875 1
vt 0.3671875 0.7890625
vt 0.2109375 0.7890625
vt 0.2109375 0.578125
vt 0.3671875 0.578125
vn 0 0 -1
vn 0.984807753012208 -0.17364817766693033 0
vn 0 0 1
vn -0.984807753012208 0.17364817766693033 0
vn 0.17364817766693033 0.984807753012208 0
vn -0.17364817766693033 -0.984807753012208 0
usemtl m_ef8b30a4-0012-3668-5bce-6aa63fd4420d
f 100/292/73 103/291/73 101/290/73 98/289/73
f 99/296/74 100/295/74 98/294/74 97/293/74
f 104/300/75 99/299/75 97/298/75 102/297/75
f 103/304/76 104/303/76 102/302/76 101/301/76
f 102/308/77 97/307/77 98/306/77 101/305/77
f 103/312/78 100/311/78 99/310/78 104/309/78
o cube
v 2.6747606979589698 5.8113196830542755 0.5625
v 2.6747606979589698 5.8113196830542755 -1.125
v 2.392582409250208 4.211007084409437 0.5625
v 2.392582409250208 4.211007084409437 -1.125
v 1.4437510066937094 6.028379905137938 -1.125
v 1.4437510066937094 6.028379905137938 0.5625
v 1.1615727179849475 4.4280673064931 -1.125
v 1.1615727179849475 4.4280673064931 0.5625
vt 0.3671875 1
vt 0.5234375 1
vt 0.5234375 0.796875
vt 0.3671875 0.796875
vt 0 1
vt 0.2109375 1
vt 0.2109375 0.796875
vt 0 0.796875
vt 0.3671875 0.796875
vt 0.5234375 0.796875
vt 0.5234375 0.59375
vt 0.3671875 0.59375
vt 0 0.796875
vt 0.2109375 0.796875
vt 0.2109375 0.59375
vt 0 0.59375
vt 0.3671875 0.7890625
vt 0.2109375 0.7890625
vt 0.2109375 1
vt 0.3671875 1
vt 0.3671875 0.7890625
vt 0.2109375 0.7890625
vt 0.2109375 0.578125
vt 0.3671875 0.578125
vn 0 0 -1
vn 0.984807753012208 -0.17364817766693033 0
vn 0 0 1
vn -0.984807753012208 0.17364817766693033 0
vn 0.17364817766693033 0.984807753012208 0
vn -0.17364817766693033 -0.984807753012208 0
usemtl m_79e05f90-bd73-2641-31dd-ad4f89b642a9
f 108/316/79 111/315/79 109/314/79 106/313/79
f 107/320/80 108/319/80 106/318/80 105/317/80
f 112/324/81 107/323/81 105/322/81 110/321/81
f 111/328/82 112/327/82 110/326/82 109/325/82
f 110/332/83 105/331/83 106/330/83 109/329/83
f 111/336/84 108/335/84 107/334/84 112/333/84
o cube
v 2.0665412813686865 5.601244360175609 0.1875
v 2.0665412813686865 5.601244360175609 -0.8125
v 1.8928931037017565 4.616436607163401 0.1875
v 1.8928931037017565 4.616436607163401 -0.8125
v -0.21082664747204416 6.002805771030385 -0.8125
v -0.21082664747204416 6.002805771030385 0.1875
v -0.3844748251389746 5.017998018018177 -0.8125
v -0.3844748251389746 5.017998018018177 0.1875
vt 0 1
vt 0.2890625 1
vt 0.2890625 0.875
vt 0 0.875
vt 0.2890625 0.875
vt 0.4140625 0.875
vt 0.4140625 0.75
vt 0.2890625 0.75
vt 0 0.875
vt 0.2890625 0.875
vt 0.2890625 0.75
vt 0 0.75
vt 0.2890625 0.75
vt 0.4140625 0.75
vt 0.4140625 0.625
vt 0.2890625 0.625
vt 0.2890625 0.625
vt 0 0.625
vt 0 0.75
vt 0.2890625 0.75
vt 0.578125 1
vt 0.2890625 1
vt 0.2890625 0.875
vt 0.578125 0.875
vn 0 0 -1
vn 0.984807753012208 -0.17364817766693033 0
vn 0 0 1
vn -0.984807753012208 0.17364817766693033 0
vn 0.17364817766693033 0.984807753012208 0
vn -0.17364817766693033 -0.984807753012208 0
usemtl m_a09ac7f4-f2a6-78a2-5322-de487d9b4558
f 116/340/85 119/339/85 117/338/85 114/337/85
f 115/344/86 116/343/86 114/342/86 113/341/86
f 120/348/87 115/347/87 113/346/87 118/345/87
f 119/352/88 120/351/88 118/350/88 117/349/88
f 118/356/89 113/355/89 114/354/89 117/353/89
f 119/360/90 116/359/90 115/358/90 120/357/90
o cube
v 3.2612740923408863 5.898294036806416 0.6875
v 3.2612740923408863 5.898294036806416 -1.3125
v 2.9139777370070252 3.9286785307820002 0.6875
v 2.9139777370070252 3.9286785307820002 -1.3125
v 2.645769246708256 6.006824147848247 -1.3125
v 2.645769246708256 6.006824147848247 0.6875
v 2.298472891374395 4.037208641823832 -1.3125
v 2.298472891374395 4.037208641823832 0.6875
vt 0.5 1
vt 0.65625 1
vt 0.65625 0.5
vt 0.5 0.5
vt 0 1
vt 0.5 1
vt 0.5 0.5
vt 0 0.5
vt 0.5 0.5
vt 0.65625 0.5
vt 0.65625 0
vt 0.5 0
vt 0 0.5
vt 0.5 0.5
vt 0.5 0
vt 0 0
vt 0.8125 0.5
vt 0.65625 0.5
vt 0.65625 1
vt 0.8125 1
vt 0.8125 0.5
vt 0.65625 0.5
vt 0.65625 0
vt 0.8125 0
vn 0 0 -1
vn 0.984807753012208 -0.17364817766693033 0
vn 0 0 1
vn -0.984807753012208 0.17364817766693033 0
vn 0.17364817766693033 0.984807753012208 0
vn -0.17364817766693033 -0.984807753012208 0
usemtl m_b827f515-c2c0-722e-7a98-c107a489c7f2
f 124/364/91 127/363/91 125/362/91 122/361/91
f 123/368/92 124/367/92 122/366/92 121/365/92
f 128/372/93 123/371/93 121/370/93 126/369/93
f 127/376/94 128/375/94 126/374/94 125/373/94
f 126/380/95 121/379/95 122/378/95 125/377/95
f 127/384/96 124/383/96 123/382/96 128/381/96
o cube
v 0.5162864864207233 3.8430070143077595 1.600750324666751
v 0.6491498992933329 4.8306581533464925 0.8461692878818758
v 0.6315022509533463 3.077607828935186 0.6192262981477026
v 0.7643656638259557 4.065258967973919 -0.1353547386371725
v -0.5884173276171916 4.8654333540863295 0.6737800646383731
v -0.7212807404898012 3.8777822150475973 1.4283611014232482
v -0.4732015630845687 4.100034168713757 -0.3077439618806752
v -0.6060649759571782 3.1123830296750246 0.4468370749041999
vt 0.34375 1
vt 0.65625 1
vt 0.65625 0.65625
vt 0.34375 0.65625
vt 0 1
vt 0.34375 1
vt 0.34375 0.65625
vt 0 0.65625
vt 0.34375 0.65625
vt 0.65625 0.65625
vt 0.65625 0.3125
vt 0.34375 0.3125
vt 0 0.65625
vt 0.34375 0.65625
vt 0.34375 0.3125
vt 0 0.3125
vt 0.96875 0.65625
vt 0.65625 0.65625
vt 0.65625 1
vt 0.96875 1
vt 0.96875 0.65625
vt 0.65625 0.65625
vt 0.65625 0.3125
vt 0.96875 0.3125
vn 0.1062907302980877 0.7901209112309859 -0.6036648294279
vn 0.9900537815284197 -0.027820160591870632 0.13791137859480232
vn -0.1062907302980877 -0.7901209112309859 0.6036648294279
vn -0.9900537815284197 0.027820160591870632 -0.13791137859480232
vn -0.09217261162609833 0.6123193482980585 0.7852192212152383
vn 0.09217261162609833 -0.6123193482980585 -0.7852192212152383
usemtl m_aa05b8f7-92d5-f3a8-7b96-fa717f34a3ec
f 132/388/97 135/387/97 133/386/97 130/385/97
f 131/392/98 132/391/98 130/390/98 129/389/98
f 136/396/99 131/395/99 129/394/99 134/393/99
f 135/400/100 136/399/100 134/398/100 133/397/100
f 134/404/101 129/403/101 130/402/101 133/401/101
f 135/408/102 132/407/102 131/406/102 136/405/102
o cube
v 0.571526482149697 3.854392255443077 1.6470820724276045
v 0.7110341244712781 4.891422308549421 0.8547674021809106
v 0.6925018765038997 3.0507184435800077 0.6164853481526194
v 0.8320095188254808 4.087748496686351 -0.17582932209407454
v -0.588411457957905 4.927937005313027 0.6737588244130523
v -0.727919100279486 3.8909069522066835 1.4660734946597462
v -0.46743606360370243 4.124263193449958 -0.35683789986193304
v -0.6069437059252835 3.0872331403436144 0.43547677038476085
vt 0 1
vt 0.328125 1
vt 0.328125 0.671875
vt 0 0.671875
vt 0 0.671875
vt 0.328125 0.671875
vt 0.328125 0.34375
vt 0 0.34375
vt 0.328125 1
vt 0.65625 1
vt 0.65625 0.671875
vt 0.328125 0.671875
vt 0.328125 0.671875
vt 0.65625 0.671875
vt 0.65625 0.34375
vt 0.328125 0.34375
vt 0.328125 0.015625
vt 0 0.015625
vt 0 0.34375
vt 0.328125 0.34375
vt 0.984375 1
vt 0.65625 1
vt 0.65625 0.671875
vt 0.984375 0.671875
vn 0.10629153700691889 0.7901181357000715 -0.6036683201879575
vn 0.9900537770889015 -0.027820721343700387 0.1379112973469398
vn -0.10629153700691889 -0.7901181357000715 0.6036683201879575
vn -0.9900537770889015 0.027820721343700387 -0.1379112973469398
vn -0.09217172903177345 0.6123229042766241 0.7852165518285602
vn 0.09217172903177345 -0.6123229042766241 -0.7852165518285602
usemtl m_14ca8071-aaf8-f6bc-b270-bc27e94222ec
f 140/412/103 143/411/103 141/410/103 138/409/103
f 139/416/104 140/415/104 138/414/104 137/413/104
f 144/420/105 139/419/105 137/418/105 142/417/105
f 143/424/106 144/423/106 142/422/106 141/421/106
f 142/428/107 137/427/107 138/426/107 141/425/107
f 143/432/108 140/431/108 139/430/108 144/429/108
o cube
v 0.7893537731010467 3.8886354176950526 1.915593304733227
v 0.855785983730371 4.382459252507598 1.5383006046157535
v 0.9276113666487067 2.970151061280117 0.7377684769903867
v 0.9940435772780312 3.4639748960926617 0.36047577687291343
v 0.3607590951859203 4.3963696131794485 1.4693449559422838
v 0.29432688455659606 3.9025457783669033 1.846637656059757
v 0.4990166887335804 3.477885256764512 0.2915201281994435
v 0.43258447810425604 2.984061421951967 0.6688128283169168
vt 0 1
vt 0.203125 1
vt 0.203125 0.625
vt 0 0.625
vt 0 0.625
vt 0.140625 0.625
vt 0.140625 0.25
vt 0 0.25
vt 0.203125 1
vt 0.40625 1
vt 0.40625 0.625
vt 0.203125 0.625
vt 0.140625 0.625
vt 0.28125 0.625
vt 0.28125 0.25
vt 0.140625 0.25
vt 0.484375 0.484375
vt 0.28125 0.484375
vt 0.28125 0.625
vt 0.484375 0.625
vt 0.609375 1
vt 0.40625 1
vt 0.40625 0.859375
vt 0.609375 0.859375
vn 0.10629153700691889 0.7901181357000715 -0.6036683201879575
vn 0.9900537770889015 -0.027820721343700387 0.1379112973469398
vn -0.10629153700691889 -0.7901181357000715 0.6036683201879575
vn -0.9900537770889015 0.027820721343700387 -0.1379112973469398
vn -0.09217172903177345 0.6123229042766241 0.7852165518285602
vn 0.09217172903177345 -0.6123229042766241 -0.7852165518285602
usemtl m_40e7afea-6ad9-1892-19c8-02eec9ff5a9a
f 148/436/109 151/435/109 149/434/109 146/433/109
f 147/440/110 148/439/110 146/438/110 145/437/110
f 152/444/111 147/443/111 145/442/111 150/441/111
f 151/448/112 152/447/112 150/446/112 149/445/112
f 150/452/113 145/451/113 146/450/113 149/449/113
f 151/456/114 148/455/114 147/454/114 152/453/114
o cube
v 0.7208321909700579 3.8409918292977796 1.9447031186607906
v 0.7540482962847199 4.087903746704052 1.756056768602054
v 0.8533290514532323 2.9607776544001325 0.815954325407235
v 0.8865451567678944 3.207689571806405 0.6273079753484985
v 0.2590214077402694 4.101814107375903 1.6871011199285841
v 0.22580530242560726 3.8549021899696303 1.8757474699873207
v 0.3915182682234437 3.2215999324782554 0.5583523266750285
v 0.3583021629087815 2.974688015071983 0.7469986767337651
vt 0 1
vt 0.203125 1
vt 0.203125 0.625
vt 0 0.625
vt 0 0.625
vt 0.140625 0.625
vt 0.140625 0.25
vt 0 0.25
vt 0.203125 1
vt 0.40625 1
vt 0.40625 0.625
vt 0.203125 0.625
vt 0.140625 0.625
vt 0.28125 0.625
vt 0.28125 0.25
vt 0.140625 0.25
vt 0.484375 0.484375
vt 0.28125 0.484375
vt 0.28125 0.625
vt 0.484375 0.625
vt 0.609375 1
vt 0.40625 1
vt 0.40625 0.859375
vt 0.609375 0.859375
vn 0.10629153700691889 0.7901181357000715 -0.6036683201879575
vn 0.9900537770889015 -0.027820721343700387 0.1379112973469398
vn -0.10629153700691889 -0.7901181357000715 0.6036683201879575
vn -0.9900537770889015 0.027820721343700387 -0.1379112973469398
vn -0.09217172903177345 0.6123229042766241 0.7852165518285602
vn 0.09217172903177345 -0.6123229042766241 -0.7852165518285602
usemtl m_40e7afea-6ad9-1892-19c8-02eec9ff5a9a
f 156/460/115 159/459/115 157/458/115 154/457/115
f 155/464/116 156/463/116 154/462/116 153/461/116
f 160/468/117 155/467/117 153/466/117 158/465/117
f 159/472/118 160/471/118 158/470/118 157/469/118
f 158/476/119 153/475/119 154/474/119 157/473/119
f 159/480/120 156/479/120 155/478/120 160/477/120
o cube
v -0.4548566693230125 3.874028935893424 1.7809334530612992
v -0.42164056400835037 4.120940853299697 1.5922871030025627
v -0.3223598088398383 2.993814760995777 0.6521846598077441
v -0.28914370352517615 3.2407266784020496 0.46353830974900756
v -0.916667452552801 4.1348512139715465 1.5233314543290928
v -0.9498835578674631 3.887939296565274 1.7119778043878293
v -0.7841705920696268 3.2546370390738995 0.39458266107553763
v -0.8173866973842889 3.007725121667627 0.5832290111342742
vt 0 1
vt 0.203125 1
vt 0.203125 0.625
vt 0 0.625
vt 0 0.625
vt 0.140625 0.625
vt 0.140625 0.25
vt 0 0.25
vt 0.203125 1
vt 0.40625 1
vt 0.40625 0.625
vt 0.203125 0.625
vt 0.140625 0.625
vt 0.28125 0.625
vt 0.28125 0.25
vt 0.140625 0.25
vt 0.484375 0.484375
vt 0.28125 0.484375
vt 0.28125 0.625
vt 0.484375 0.625
vt 0.609375 1
vt 0.40625 1
vt 0.40625 0.859375
vt 0.609375 0.859375
vn 0.10629153700691889 0.7901181357000715 -0.6036683201879575
vn 0.9900537770889015 -0.027820721343700387 0.1379112973469398
vn -0.10629153700691889 -0.7901181357000715 0.6036683201879575
vn -0.9900537770889015 0.027820721343700387 -0.1379112973469398
vn -0.09217172903177345 0.6123229042766241 0.7852165518285602
vn 0.09217172903177345 -0.6123229042766241 -0.7852165518285602
usemtl m_40e7afea-6ad9-1892-19c8-02eec9ff5a9a
f 164/484/121 167/483/121 165/482/121 162/481/121
f 163/488/122 164/487/122 162/486/122 161/485/122
f 168/492/123 163/491/123 161/490/123 166/489/123
f 167/496/124 168/495/124 166/494/124 165/493/124
f 166/500/125 161/499/125 162/498/125 165/497/125
f 167/504/126 164/503/126 163/502/126 168/501/126
o cube
v -0.4482134482600801 3.9234113193746785 1.743204183049552
v -0.3817812376307558 4.417235154187223 1.3659114829320786
v -0.30995585471242 3.0049269629597424 0.5653793553067119
v -0.24352364408309568 3.4987507977722876 0.18808665518923862
v -0.8768081261752064 4.4311455148590735 1.2969558342586087
v -0.9432403368045308 3.9373216800465283 1.674248534376082
v -0.7385505326275464 3.5126611584441374 0.11913100651576869
v -0.8049827432568708 3.0188373236315926 0.496423706633242
vt 0 1
vt 0.203125 1
vt 0.203125 0.625
vt 0 0.625
vt 0 0.625
vt 0.140625 0.625
vt 0.140625 0.25
vt 0 0.25
vt 0.203125 1
vt 0.40625 1
vt 0.40625 0.625
vt 0.203125 0.625
vt 0.140625 0.625
vt 0.28125 0.625
vt 0.28125 0.25
vt 0.140625 0.25
vt 0.484375 0.484375
vt 0.28125 0.484375
vt 0.28125 0.625
vt 0.484375 0.625
vt 0.609375 1
vt 0.40625 1
vt 0.40625 0.859375
vt 0.609375 0.859375
vn 0.10629153700691889 0.7901181357000715 -0.6036683201879575
vn 0.9900537770889015 -0.027820721343700387 0.1379112973469398
vn -0.10629153700691889 -0.7901181357000715 0.6036683201879575
vn -0.9900537770889015 0.027820721343700387 -0.1379112973469398
vn -0.09217172903177345 0.6123229042766241 0.7852165518285602
vn 0.09217172903177345 -0.6123229042766241 -0.7852165518285602
usemtl m_40e7afea-6ad9-1892-19c8-02eec9ff5a9a
f 172/508/127 175/507/127 173/506/127 170/505/127
f 171/512/128 172/511/128 170/510/128 169/509/128
f 176/516/129 171/515/129 169/514/129 174/513/129
f 175/520/130 176/519/130 174/518/130 173/517/130
f 174/524/131 169/523/131 170/522/131 173/521/131
f 175/528/132 172/527/132 171/526/132 176/525/132
o cube
v 0.7893537731010467 3.8886354176950526 1.915593304733227
v 0.855785983730371 4.382459252507598 1.5383006046157535
v 0.9276113666487067 2.970151061280117 0.7377684769903867
v 0.9940435772780312 3.4639748960926617 0.36047577687291343
v 0.3607590951859203 4.3963696131794485 1.4693449559422838
v 0.29432688455659606 3.9025457783669033 1.846637656059757
v 0.4990166887335804 3.477885256764512 0.2915201281994435
v 0.43258447810425604 2.984061421951967 0.6688128283169168
vt 0 1
vt 0.203125 1
vt 0.203125 0.625
vt 0 0.625
vt 0 0.625
vt 0.140625 0.625
vt 0.140625 0.25
vt 0 0.25
vt 0.203125 1
vt 0.40625 1
vt 0.40625 0.625
vt 0.203125 0.625
vt 0.140625 0.625
vt 0.28125 0.625
vt 0.28125 0.25
vt 0.140625 0.25
vt 0.484375 0.484375
vt 0.28125 0.484375
vt 0.28125 0.625
vt 0.484375 0.625
vt 0.609375 1
vt 0.40625 1
vt 0.40625 0.859375
vt 0.609375 0.859375
vn 0.10629153700691889 0.7901181357000715 -0.6036683201879575
vn 0.9900537770889015 -0.027820721343700387 0.1379112973469398
vn -0.10629153700691889 -0.7901181357000715 0.6036683201879575
vn -0.9900537770889015 0.027820721343700387 -0.1379112973469398
vn -0.09217172903177345 0.6123229042766241 0.7852165518285602
vn 0.09217172903177345 -0.6123229042766241 -0.7852165518285602
usemtl m_40e7afea-6ad9-1892-19c8-02eec9ff5a9a
f 180/532/133 183/531/133 181/530/133 178/529/133
f 179/536/134 180/535/134 178/534/134 177/533/134
f 184/540/135 179/539/135 177/538/135 182/537/135
f 183/544/136 184/543/136 182/542/136 181/541/136
f 182/548/137 177/547/137 178/546/137 181/545/137
f 183/552/138 180/551/138 179/550/138 184/549/138
o cube
v 0.6918341390522502 3.5939127802504887 1.6067728377073176
v 0.7197797105162405 4.050051643510923 1.0120826810214767
v -0.8066837274984797 3.5990661015657617 1.5403074564350399
v -0.7787381560344895 4.055204964826196 0.945617299749199
v 0.7076673487387843 4.44694552702995 1.3159387915694738
v 0.6797217772747941 3.990806663769516 1.9106289482553147
v -0.7908505178119456 4.452098848345223 1.249473410297196
v -0.8187960892759358 3.995959985084789 1.844163566983037
vt 0 1
vt 0.203125 1
vt 0.203125 0.625
vt 0 0.625
vt 0 0.625
vt 0.140625 0.625
vt 0.140625 0.25
vt 0 0.25
vt 0.203125 1
vt 0.40625 1
vt 0.40625 0.625
vt 0.203125 0.625
vt 0.140625 0.625
vt 0.28125 0.625
vt 0.28125 0.25
vt 0.140625 0.25
vt 0.484375 0.484375
vt 0.28125 0.484375
vt 0.28125 0.625
vt 0.484375 0.625
vt 0.609375 1
vt 0.40625 1
vt 0.40625 0.859375
vt 0.609375 0.859375
vn 0.03726076195198681 0.6081851510139124 -0.7929202089144544
vn 0.02422472355491204 -0.7937877670380548 -0.6077122210959947
vn -0.03726076195198681 -0.6081851510139124 0.7929202089144544
vn -0.02422472355491204 0.7937877670380548 0.6077122210959947
vn 0.9990119110338201 -0.003435547543515269 0.0443102541815187
vn -0.9990119110338201 0.003435547543515269 -0.0443102541815187
usemtl m_40e7afea-6ad9-1892-19c8-02eec9ff5a9a
f 188/556/139 191/555/139 189/554/139 186/553/139
f 187/560/140 188/559/140 186/558/140 185/557/140
f 192/564/141 187/563/141 185/562/141 190/561/141
f 191/568/142 192/567/142 190/566/142 189/565/142
f 190/572/143 185/571/143 186/570/143 189/569/143
f 191/576/144 188/575/144 187/574/144 192/573/144
o cube
v 0.6855154762886471 3.8773090656836864 1.7712052227045416
v 0.7145698808539511 4.139943933131252 1.1365123694470343
v -0.8130023902620833 3.8824623869989576 1.7047398414322634
v -0.7839479856967794 4.145097254446522 1.070046988174756
v 0.7111310080319013 4.370981434332587 1.2319578889456302
v 0.6820766034665975 4.1083465668850225 1.8666507422031375
v -0.7873868585188291 4.376134755647857 1.165492507673352
v -0.816441263084133 4.113499888200292 1.8001853609308593
vt 0 1
vt 0.203125 1
vt 0.203125 0.625
vt 0 0.625
vt 0 0.625
vt 0.140625 0.625
vt 0.140625 0.25
vt 0 0.25
vt 0.203125 1
vt 0.40625 1
vt 0.40625 0.625
vt 0.203125 0.625
vt 0.140625 0.625
vt 0.28125 0.625
vt 0.28125 0.25
vt 0.140625 0.25
vt 0.484375 0.484375
vt 0.28125 0.484375
vt 0.28125 0.625
vt 0.484375 0.625
vt 0.609375 1
vt 0.40625 1
vt 0.40625 0.859375
vt 0.609375 0.859375
vn 0.042260952094987585 0.3820143526510035 -0.9231896047381924
vn 0.01375549128819885 -0.9241500048053407 -0.3817820779943832
vn -0.042260952094987585 -0.3820143526510035 0.9231896047381924
vn -0.01375549128819885 0.9241500048053407 0.3817820779943832
vn 0.9990119110338203 -0.003435547543513587 0.04431025418151882
vn -0.9990119110338203 0.003435547543513587 -0.04431025418151882
usemtl m_40e7afea-6ad9-1892-19c8-02eec9ff5a9a
f 196/580/145 199/579/145 197/578/145 194/577/145
f 195/584/146 196/583/146 194/582/146 193/581/146
f 200/588/147 195/587/147 193/586/147 198/585/147
f 199/592/148 200/591/148 198/590/148 197/589/148
f 198/596/149 193/595/149 194/594/149 197/593/149
f 199/600/150 196/599/150 195/598/150 200/597/150
o cube
v 0.6959564045335951 3.57850460796306 1.5126382428643739
v 0.7170868805810888 3.769511784288561 1.0510434404952775
v -0.8025614620171353 3.5836579292783295 1.4461728615920957
v -0.7814309859696416 3.774665105603832 0.9845780592229993
v 0.7110688531425018 4.173827411390898 1.2180730996178202
v 0.689938377095008 3.9828202350653967 1.6796679019869165
v -0.7874490134082286 4.178980732706169 1.151607718345542
v -0.8085794894557223 3.987973556380666 1.6132025207146383
vt 0 1
vt 0.203125 1
vt 0.203125 0.625
vt 0 0.625
vt 0 0.625
vt 0.140625 0.625
vt 0.140625 0.25
vt 0 0.25
vt 0.203125 1
vt 0.40625 1
vt 0.40625 0.625
vt 0.203125 0.625
vt 0.140625 0.625
vt 0.28125 0.625
vt 0.28125 0.25
vt 0.140625 0.25
vt 0.484375 0.484375
vt 0.28125 0.484375
vt 0.28125 0.625
vt 0.484375 0.625
vt 0.609375 1
vt 0.40625 1
vt 0.40625 0.859375
vt 0.609375 0.859375
vn 0.042260952094987585 0.3820143526510035 -0.9231896047381924
vn 0.01375549128819885 -0.9241500048053407 -0.3817820779943832
vn -0.042260952094987585 -0.3820143526510035 0.9231896047381924
vn -0.01375549128819885 0.9241500048053407 0.3817820779943832
vn 0.9990119110338203 -0.003435547543513587 0.04431025418151882
vn -0.9990119110338203 0.003435547543513587 -0.04431025418151882
usemtl m_40e7afea-6ad9-1892-19c8-02eec9ff5a9a
f 204/604/151 207/603/151 205/602/151 202/601/151
f 203/608/152 204/607/152 202/606/152 201/605/152
f 208/612/153 203/611/153 201/610/153 206/609/153
f 207/616/154 208/615/154 206/614/154 205/613/154
f 206/620/155 201/619/155 202/618/155 205/617/155
f 207/624/156 204/623/156 203/622/156 208/621/156
o cube
v 0.0625 0.125 0.0625
v 0.0625 0.125 -0.0625
v 0.0625 0 0.0625
v 0.0625 0 -0.0625
v -0.0625 0.125 -0.0625
v -0.0625 0.125 0.0625
v -0.0625 0 -0.0625
v -0.0625 0 0.0625
vt 0 1
vt 0.03125 1
vt 0.03125 0.96875
vt 0 0.96875
vt 0 1
vt 0.03125 1
vt 0.03125 0.96875
vt 0 0.96875
vt 0 1
vt 0.03125 1
vt 0.03125 0.96875
vt 0 0.96875
vt 0 1
vt 0.03125 1
vt 0.03125 0.96875
vt 0 0.96875
vt 0 1
vt 0.03125 1
vt 0.03125 0.96875
vt 0 0.96875
vt 0 1
vt 0.03125 1
vt 0.03125 0.96875
vt 0 0.96875
vn 0 0 -1
vn 1 0 0
vn 0 0 1
vn -1 0 0
vn 0 1 0
vn 0 -1 0
usemtl none
f 212/628/157 215/627/157 213/626/157 210/625/157
f 211/632/158 212/631/158 210/630/158 209/629/158
f 216/636/159 211/635/159 209/634/159 214/633/159
f 215/640/160 216/639/160 214/638/160 213/637/160
f 214/644/161 209/643/161 210/642/161 213/641/161
f 215/648/162 212/647/162 211/646/162 216/645/162
o cube
v 2.5835811565063844 3.384858925201444 0.5122203766244136
v 2.7817775528732733 4.12825230574554 0.2509911282037971
v 2.5721156000305037 3.0353533359689973 -0.49108447939392486
v 2.770311996397392 3.7787467165130932 -0.7523137278145413
v 1.6908292901790483 4.39129214800297 0.171827187488099
v 1.4926328938121598 3.6478987674588748 0.43305643590871545
v 1.679363733703167 4.041786558770523 -0.8314776685302395
v 1.4811673373362784 3.298393178226428 -0.5702484201096231
vt 0 1
vt 0.203125 1
vt 0.203125 0.625
vt 0 0.625
vt 0 0.625
vt 0.140625 0.625
vt 0.140625 0.25
vt 0 0.25
vt 0.203125 1
vt 0.40625 1
vt 0.40625 0.625
vt 0.203125 0.625
vt 0.140625 0.625
vt 0.28125 0.625
vt 0.28125 0.25
vt 0.140625 0.25
vt 0.484375 0.484375
vt 0.28125 0.484375
vt 0.28125 0.625
vt 0.484375 0.625
vt 0.609375 1
vt 0.40625 1
vt 0.40625 0.859375
vt 0.609375 0.859375
vn 0.24393402629770913 0.914945699131195 -0.32151292113306645
vn 0.9697317890615333 -0.23381319311771617 0.07036794730284285
vn -0.24393402629770913 -0.914945699131195 0.32151292113306645
vn -0.9697317890615333 0.23381319311771617 -0.07036794730284285
vn 0.010791111977300108 0.3289464369246557 0.9442869233113773
vn -0.010791111977300108 -0.3289464369246557 -0.9442869233113773
usemtl m_40e7afea-6ad9-1892-19c8-02eec9ff5a9a
f 220/652/163 223/651/163 221/650/163 218/649/163
f 219/656/164 220/655/164 218/654/164 217/653/164
f 224/660/165 219/659/165 217/658/165 222/657/165
f 223/664/166 224/663/166 222/662/166 221/661/166
f 222/668/167 217/667/167 218/666/167 221/665/167
f 223/672/168 220/671/168 219/670/168 224/669/168
o cube
v 2.658760825467756 3.4068705545194957 0.43750588305306337
v 2.826465468547431 4.035895722672192 0.21646574977408028
